AuthorName	TitleName	TagName
Zola, Émile	Yo acuso	Literatura Universal
Zola, Émile	Yo acuso	Ensayo
Zola, Émile	Yo acuso	Autoayuda
Zahonero, José	Pezuco, el abuelo manco	Literatura Hispanoamericana
Zola, Émile	Nana	Literatura Universal
Zweig, Stefan	Novela de ajedrez	Literatura Universal
Zola, Émile	La alegría de vivir	Palabras sinfónicas (audiolibros)
Zola, Émile	La bestia humana	Literatura Universal
Zola, Émile	La alegría de vivir	Literatura Universal
Zola, Émile	El paraíso de los gatos	Literatura Universal
Zorrilla, José	Don Juan Tenorio	Literatura Universal
Zorrilla, José	Don Juan Tenorio	Literatura Hispanoamericana
Zarco, Francisco	Castillos en el aire y otros textos mordaces	Literatura Hispanoamericana
